lambda <- 40
n <- 40
sims <- 1000
